[1] Reading file...
-> Graph: grafo01.txt
-> Directed: false

[2] Computing shortest path...
   01 02 03 04 05 06 07 08 09 10 11 12
01|00 17 25 27 21 32 40 40 39 51 52 62 
02|17 00 42 10 27 15 39 23 22 34 37 47 
03|25 42 00 52 39 44 20 47 37 46 32 42 
04|27 10 52 00 21 09 33 17 16 28 31 41 
05|21 27 39 21 00 12 19 20 19 31 31 41 
06|32 15 44 09 12 00 24 08 07 19 22 32 
07|40 39 20 33 19 24 00 27 17 26 12 22 
08|40 23 47 17 20 08 27 00 10 13 25 34 
09|39 22 37 16 19 07 17 10 00 12 15 25 
10|51 34 46 28 31 19 26 13 12 00 14 21 
11|52 37 32 31 31 22 12 25 15 14 00 10 
12|62 47 42 41 41 32 22 34 25 21 10 00 

[3] Calculating distance vectors...
Cost sum vector:
[406, 313, 426, 285, 281, 224, 279, 264, 219, 295, 281, 377]
Further vertex vector:
[62, 47, 52, 52, 41, 44, 40, 47, 39, 51, 52, 62]

[4] Defining central station...
Central station: 9

[1] Reading file...
-> Graph: grafo02.txt
-> Directed: true

[2] Computing shortest path...
   01 02 03 04 05 06 07 08 09 10
01|00 10 07 13 03 13 05 18 14 11 
02|05 00 12 03 08 03 10 08 17 11 
03|06 13 00 08 09 08 11 13 20 16 
04|10 05 10 00 10 01 08 06 15 09 
05|13 23 15 23 00 20 17 15 11 08 
06|13 22 09 17 12 00 07 05 14 08 
07|08 15 02 10 07 10 00 15 18 15 
08|08 17 04 12 07 12 02 00 09 03 
09|12 21 08 16 02 16 06 04 00 07 
10|05 15 07 15 04 15 10 10 06 00 

[3] Calculating distance vectors...
Cost sum vector:
[94, 77, 104, 74, 145, 107, 100, 74, 92, 87]
Further vertex vector:
[18, 17, 20, 15, 23, 22, 18, 17, 21, 15]

[4] Defining central station...
Central station: 4
